#
# gridID 1
#
gridtype  = lonlat
gridsize  = 72960
xsize     = 384
ysize     = 190
xname     = lon
xlongname = "longitude"
xunits    = "degrees_east"
yname     = lat
ylongname = "latitude"
yunits    = "degrees_north"
xfirst    = -180
xinc      = 0.937498952828202
yfirst    = -90
yvals     = 89.27671 88.33975 87.39726 86.45352 85.5093 84.56486 83.62029 82.67563 
            81.73093 80.78619 79.84142 78.89663 77.95183 77.00702 76.06219 75.11737 
            74.17253 73.22769 72.28284 71.338 70.39315 69.4483 68.50343 67.55858 
            66.61372 65.66885 64.72399 63.77913 62.83426 61.88939 60.94453 59.99966 
            59.05479 58.10992 57.16505 56.22018 55.27531 54.33043 53.38556 52.44069 
            51.49582 50.55094 49.60607 48.66119 47.71632 46.77144 45.82657 44.88169 
            43.93682 42.99194 42.04707 41.10219 40.15731 39.21244 38.26756 37.32269 
            36.37781 35.43293 34.48805 33.54317 32.5983 31.65342 30.70854 29.76367 
            28.81879 27.87391 26.92903 25.98416 25.03928 24.0944 23.14952 22.20464 
            21.25977 20.31489 19.37001 18.42513 17.48025 16.53537 15.5905 14.64562 
            13.70074 12.75586 11.81098 10.8661 9.921226 8.976347 8.031468 7.08659 
            6.141711 5.196833 4.251954 3.307075 2.362197 1.417318 0.4724393 -0.4724393 
            -1.417318 -2.362197 -3.307075 -4.251954 -5.196833 -6.141711 -7.08659 
            -8.031468 -8.976347 -9.921226 -10.8661 -11.81098 -12.75586 -13.70074 
            -14.64562 -15.5905 -16.53537 -17.48025 -18.42513 -19.37001 -20.31489 
            -21.25977 -22.20464 -23.14952 -24.0944 -25.03928 -25.98416 -26.92903 
            -27.87391 -28.81879 -29.76367 -30.70854 -31.65342 -32.5983 -33.54317 
            -34.48805 -35.43293 -36.37781 -37.32269 -38.26756 -39.21244 -40.15731 
            -41.10219 -42.04707 -42.99194 -43.93682 -44.88169 -45.82657 -46.77144 
            -47.71632 -48.66119 -49.60607 -50.55094 -51.49582 -52.44069 -53.38556 
            -54.33043 -55.27531 -56.22018 -57.16505 -58.10992 -59.05479 -59.99966 
            -60.94453 -61.88939 -62.83426 -63.77913 -64.72399 -65.66885 -66.61372 
            -67.55858 -68.50343 -69.4483 -70.39315 -71.338 -72.28284 -73.22769 -74.17253 
            -75.11737 -76.06219 -77.00702 -77.95183 -78.89663 -79.84142 -80.78619 
            -81.73093 -82.67563 -83.62029 -84.56486 -85.5093 -86.45352 -87.39726 
            -88.33975 -89.27671
